0(55,29)
72(43(,-73),-44(-94,))
-90(61(,-43),54)
-13(-80(-29(62(-21,2),12(-28,-20)),),-67(-58(-79,-56),-5))
-44
-38(-73(,-28(30,16)),40(35,))
-46(,96(51(63,41),-88(-8,59)))
-46(-53,-48(,-53(98,61)))
-74
17(-56(,-83),9)
-22(88(31(15(-92,),-47),70(-87(82,-10),4)),-72(73,-93(,-91(89,35))))
-96(86(-74(-20(,-42(-69,-62)),98(,87)),),21(-24(52(,-99),28(-16(,-31),32(,-71))),))
-74(47(73,),)
31(-34,32)
58(-39(,53),53(-70,))
60(91(55(45,),27(-16(45,),-53(100,))),80(,7(5(,-67),78(-96,-65))))
-43(-46(-46,84),-10(,45))
-54(49(78(-10,-3),52(56,39(,80(,24)))),-48)
-16
95(86(-27,-52),93(-92,))
