21 27
021210010202010120021222102
202001210022120122122121121
012200210112212201212101220
000211122211100002020022212
102221020210012220201211210
110120210022102200200220122
020112101221001021222012000
100102211002202001011210211
222022010112210210221021122
222022001012122020111211121
211200111221000110000012011
200102020022111022100211200
102002212212201122002220122
212000210212101122021022001
020022200002000020200112220
221100012010121002111210122
002102222001111120011201202
012220110010001212002110011
112111110102212022121101220
222111100212100001001200021
010021210200202210201102012